95 1 
0 2 
1 3 
2 4 
3 5 
4 6 
5 
311 276 
492 494 
495 497 
400 402 
319 280 
109 13 
12 14 
13 15 
14 16 
15 17 
16 18 
17 
107 109 
94 95 
492 
492 494 
495 497 
319 280 
176 178 
395 397 
495 
319 280 
492 494 
492 494 
495 497 
400 402 
319 280 
311 276 
492 494 
492 
495 
495 
492 494 
495 497 
495 497 
492 494 
501 503 
504 506 
501 503 
504 506 
421 423 
501 
504 506 
350 299 
501 503 
504 506 
355 305 
421 423 
501 
424 426 
355 305 
350 299 
501 
504 506 
243 245 
149 63 
62 64 
63 65 
64 66 
65 67 
66 68 
67 
147 149 
350 299 
234 236 
350 299 
501 503 
501 503 
2499 727 
504 506 
504 506 
355 305 
355 305 
243 245 
167 82 
81 83 
82 84 
83 85 
84 86 
85 87 
86 
165 167 
165 167 
172 91 
90 92 
91 93 
92 94 
93 20 95 96 
20 0 94 96 
94 95 
395 397 
492 494 
2499 727 
2499 727 
2499 727 
495 497 
180 104 
103 105 
104 106 
105 107 
106 19 109 108 
107 109 
19 12 107 108 
168 170 
400 402 
176 178 
2401 905 
2499 727 
2499 727 
727 2499 
2499 727 
400 402 
2419 900 
727 2499 
400 402 
395 397 
495 497 
492 494 
2499 727 
2499 727 
2499 727 
2499 727 
2499 727 
2499 727 
2401 905 
2499 727 
501 503 
504 506 
424 426 
904 2378 945 
727 2499 
2499 727 
421 423 
2499 727 
905 2401 
504 506 
238 144 
143 145 
144 146 
145 147 
146 69 149 148 
147 149 
69 62 147 148 
234 236 
421 423 
421 423 
501 503 
2499 727 
2499 727 
2419 900 
2499 727 
2499 727 
504 506 
424 426 
247 162 
161 163 
162 164 
163 165 
164 88 89 166 
165 167 
89 81 88 166 
251 110 170 169 
168 170 
110 171 168 169 
170 172 
171 90 
492 494 
2419 900 
495 497 
255 112 178 25 177 
176 178 
112 179 176 25 177 
178 180 
179 103 
311 276 
2499 727 
2401 905 
2499 727 
495 497 
319 280 
2499 727 
2499 727 
2401 905 
2499 727 
2499 727 
2499 727 
2499 727 
2499 727 
2401 905 
2378 904 
2378 904 
495 497 
492 494 
2378 904 
2378 904 
2401 905 
2378 904 
2401 905 
2378 904 
2378 904 
2401 905 
2401 905 
2419 900 
2419 900 
2378 904 
2401 905 
2401 905 
2378 904 
2378 904 
2401 905 
910 995 923 
501 503 
2378 904 
504 506 
2378 904 
2499 727 
2499 727 
2401 905 
2499 727 
2499 727 
2401 905 
2401 905 
2499 727 
501 503 
2499 727 
2401 905 
2499 727 
269 150 236 71 235 
234 236 
150 237 234 71 235 
236 238 
237 143 
350 299 
501 503 
2419 900 
504 506 
274 61 244 245 80 
243 245 
61 246 244 243 80 
245 247 
246 161 
278 249 
248 250 
249 251 
250 168 
282 253 
252 254 
253 255 
254 176 
319 280 
2401 905 
2401 905 
2401 905 
2378 904 
2401 905 
2401 905 
2401 905 
2378 904 
2401 905 
301 267 
266 268 
267 269 
268 234 
350 299 
307 272 
271 273 
272 274 
273 243 
311 276 
181 277 311 7 34 275 
276 278 
248 277 
492 494 
319 281 11 186 24 28 33 256 
280 282 
281 252 
2401 905 
492 494 
497 495 
2378 904 
1960 709 
864 293 
1960 709 
864 293 
1960 709 
1960 709 
1960 709 864 288 290 
2401 905 
2401 905 
504 506 
2401 905 
2401 905 
350 300 50 239 58 70 72 270 
299 301 
300 266 
503 501 
504 506 
355 305 
53 306 355 57 304 78 79 
305 307 
306 271 
424 426 
310 357 
309 311 
310 181 276 7 34 275 
2419 900 
2499 727 
2499 727 
2401 905 
2499 727 
359 318 
317 319 
318 280 11 186 24 28 33 256 
2419 900 
2401 905 
2419 900 
2419 900 
2499 727 
2401 905 
2499 727 
2499 727 
709 1960 
2401 905 
709 1960 
709 1960 
709 1960 
709 1960 
709 1960 
2401 905 
709 1960 
709 1960 
1960 709 
709 1960 
709 1960 
2401 905 
2499 727 
2378 904 
2499 727 
2401 905 
2401 905 
504 506 
370 349 
348 350 
349 299 50 239 58 70 72 270 
2499 727 
2499 727 
374 354 
353 355 
354 53 305 57 304 78 79 
376 357 
356 309 
378 359 
358 317 
495 497 
2401 905 
905 2401 
1960 709 
2419 900 
1960 709 
2378 904 
905 2401 
2419 900 
387 370 
369 348 
501 503 
2419 900 
391 374 
373 353 
397 376 
375 356 
402 378 
377 358 
400 402 
2378 904 
1960 709 
1960 709 
2378 904 
1960 709 
2419 900 
423 387 
386 369 
421 423 
2419 900 
426 391 
390 373 
424 426 
504 506 
395 397 
428 397 394 97 26 122 398 396 
395 397 
375 395 394 97 26 122 398 396 
395 397 
492 494 
430 402 10 379 32 121 111 118 401 
400 402 
400 377 10 379 32 121 111 118 401 
709 1960 
709 1960 
709 1960 
709 1960 
1960 709 
709 1960 
709 1960 
709 1960 
709 1960 
709 1960 
709 1960 
709 1960 
1960 709 
709 1960 
1960 709 
709 1960 
709 1960 
1960 709 
442 423 47 388 54 152 139 151 422 
421 423 
421 386 47 388 54 152 139 151 422 
444 426 135 308 56 160 392 425 
424 426 
424 390 135 308 56 160 392 425 
428 446 
427 395 
448 430 
429 400 
1960 709 
709 1960 
709 1960 
709 1960 
709 1960 
1960 709 
1960 709 
709 
709 
709 1960 
467 442 
441 421 
469 444 
443 424 
471 446 
445 427 
472 448 
447 429 
1960 709 
709 1960 
1960 709 
709 1960 
709 1960 
709 1960 
709 1960 
1960 709 
709 1960 
709 1960 
709 1960 
1960 709 
709 1960 
709 1960 
709 1960 
709 1960 
709 1960 
475 467 
466 441 
477 469 
468 443 
492 494 
478 445 
479 447 
2499 727 
2499 727 
488 466 
2499 727 
491 468 
471 494 
497 472 
709 1960 
709 1960 
709 1960 
709 1960 
709 1960 
709 1960 
709 1960 
709 1960 
503 475 
2499 727 
504 506 
506 477 
514 173 494 22 8 21 399 29 35 30 199 36 39 42 98 124 279 284 470 493 
492 494 
173 478 492 22 8 399 29 35 30 199 39 42 98 124 279 284 470 493 
515 9 497 23 175 27 31 37 198 38 40 41 102 285 123 185 496 360 
495 497 
9 479 495 23 175 31 198 40 41 102 285 123 185 496 360 
711 2353 
709 1960 
709 1960 
523 43 503 45 218 48 51 55 240 59 73 74 133 302 153 230 502 371 
501 503 
43 488 501 45 218 51 240 73 74 133 302 153 230 502 371 
525 44 506 46 220 49 52 60 142 77 242 76 134 393 159 347 296 303 490 505 
504 506 
44 491 504 46 220 49 52 142 77 242 60 76 134 393 159 347 296 303 490 505 
709 1960 
709 1960 
709 1960 
709 1960 
709 1960 
709 1960 
709 1960 
492 529 
532 495 
2499 727 
709 1960 
709 1960 
709 1960 
709 1960 
709 1960 
709 1960 
550 501 
2499 727 
551 504 
2499 727 
2499 727 
2499 727 
1037 514 
2499 727 
2499 727 
1040 515 
709 1960 
709 1960 
1960 709 
709 1960 
709 1960 
709 1960 
709 1960 
709 1960 
709 1960 
709 1960 
1960 709 
709 1960 
709 1960 
1960 709 
709 1960 
709 1960 
2499 727 
1061 523 
1066 525 
2499 727 
709 1960 
709 1960 
709 1960 
709 1960 
709 1960 
709 1960 
709 1960 
709 1960 
2499 727 
900 2419 
2419 900 
2419 900 
709 1960 
709 1960 
709 1960 
709 1960 
1960 709 
1960 709 
709 1960 
1960 709 
709 1960 
709 1960 
709 1960 
709 1960 
709 1960 
709 1960 
709 1960 
709 1960 
709 1960 
709 1960 
1960 709 
1960 709 
709 1960 
709 1960 
709 1960 
2401 905 
709 1960 
709 1960 
709 1960 
709 1960 
709 1960 
2419 900 
2401 905 
2419 900 
2419 900 
2499 727 
2378 904 
2378 904 
2378 904 
709 1960 
709 1960 
2378 904 
709 1960 
709 1960 
709 1960 
709 1960 
2378 904 
709 1960 
709 1960 
2401 905 
2401 905 
709 1960 
709 1960 
709 1960 
709 1960 
709 1960 
709 1960 
709 1960 
709 1960 
709 1960 
709 1960 
709 1960 
709 1960 
709 1960 
709 1960 
709 1960 
709 1960 
709 1960 
709 1960 
709 1960 
709 1960 
709 1960 
709 1960 
709 1960 
709 1960 
2401 905 
995 910 
2499 727 
2401 905 
2401 905 
2378 904 
995 910 
995 910 
995 910 
709 1960 
2378 904 
709 1960 
2378 904 
2378 904 
2401 905 
2378 904 
2378 904 
2499 727 
2401 905 
904 2378 
995 910 
995 910 
2378 904 
2401 905 
2499 727 
2499 727 
2499 727 
2401 905 
2401 905 
2378 904 
2378 904 
2499 727 
2401 905 
2419 900 
2419 900 
2378 904 
2401 905 
2401 905 
2378 904 
2378 904 
2378 904 
2378 904 
2378 904 
2401 905 
2378 904 
2378 904 
2378 904 
2401 905 
2499 727 
2419 900 
2378 904 
2378 904 
2401 905 
2419 900 
2499 727 
2401 905 
2401 905 
2401 905 
2401 905 
2401 905 
2401 905 
2401 905 
2401 905 
995 910 
995 910 
864 1607 
864 1607 
2378 904 
864 1607 
2378 904 
864 1607 
293 864 1960 287 289 291 292 404 363 405 382 328 413 330 331 332 333 334 411 336 437 365 414 337 338 415 339 419 417 440 420 340 381 406 407 408 409 410 384 416 418 431 403 412 436 449 568 450 451 452 432 480 533 433 434 537 483 454 455 456 457 435 581 458 459 629 460 438 461 485 541 486 462 545 463 439 464 633 465 453 570 582 519 583 484 593 487 522 507 481 482 499 510 511 500 513 534 538 509 542 546 512 508 518 521 517 535 536 539 520 540 543 544 547 548 553 554 555 575 556 557 558 559 590 560 565 566 1607 569 571 619 620 572 573 574 576 577 578 579 584 585 631 632 586 587 589 591 592 567 602 603 605 606 580 624 607 608 610 611 636 614 615 616 617 621 622 623 625 626 627 628 634 635 637 618 630 647 649 
2378 904 
910 995 2353 498 
2378 904 
717 
853 886 
853 886 
853 886 
746 713 
853 886 
853 886 
853 886 
853 886 
853 886 
853 886 
853 886 
995 910 
995 910 
2501 2499 314 75 100 101 116 120 326 127 128 129 130 132 344 137 138 352 155 157 158 99 316 182 115 187 114 191 117 193 327 126 125 342 222 140 225 351 229 233 154 473 184 188 190 192 194 223 226 489 231 313 474 324 476 527 516 524 526 552 530 528 531 549 561 598 662 640 655 692 664 663 669 686 819 821 871 875 
995 910 
995 910 
995 910 
995 910 
853 886 
853 
853 886 
1881 
1881 1029 
853 886 
853 886 
853 
853 
853 886 
995 910 
995 910 
853 886 
853 886 
790 717 
853 886 
853 886 
1881 1029 
886 853 
853 
1881 
853 886 
853 886 
853 886 
1881 1029 
1881 
1881 1029 
1881 1029 
1881 1029 
995 910 
995 910 
995 910 
995 910 
995 910 
995 910 
2419 900 2486 
2419 900 2486 901 
995 910 
995 910 
2378 904 
853 886 
853 
853 886 
995 910 
853 
853 886 
995 910 
853 
853 886 
853 
853 886 
853 886 
853 886 
853 
853 
853 886 
853 886 
853 886 
795 746 
853 886 
853 
853 
853 886 
853 790 
853 886 
853 
853 886 
995 910 
853 886 
853 
853 886 
853 886 
1881 1029 
995 910 
853 886 
1881 
1881 1029 
1881 1029 
1881 
1881 1029 
1881 1029 
1881 1029 
2419 900 2486 903 
995 910 
995 910 
2378 904 
2419 900 2486 906 
2499 727 2501 898 
2378 904 
2499 727 2501 899 
995 910 
2378 904 
2378 904 
1881 
1881 1029 
1881 
1881 1029 
853 
853 886 
853 886 
853 
853 886 
853 886 
853 886 
853 
853 886 
853 
853 886 
853 886 
853 886 
853 
853 886 
853 886 
853 
853 886 
853 886 
853 
853 
853 886 
1881 1029 
853 886 
750 795 886 714 715 716 718 747 721 748 724 722 723 741 719 754 720 732 734 772 733 784 776 779 781 737 783 738 739 740 744 800 791 745 792 793 797 802 753 751 755 774 777 773 780 830 833 782 837 839 787 785 786 788 843 846 789 852 855 794 796 798 801 803 806 831 834 829 835 832 836 844 840 841 838 850 845 847 842 854 848 849 
853 886 
853 886 
1881 1029 
1881 1029 
1881 1029 
1881 
1881 1029 
1881 
1881 1029 
1881 1029 
709 293 288 1881 290 1607 704 706 1029 703 708 
2378 904 
1881 1029 
1881 1029 
1881 1029 
2378 904 
1881 1029 
2499 727 2501 902 
2378 904 
2378 904 
2378 904 
2499 727 907 
2378 904 
2378 904 
2378 904 
995 910 
995 910 
2378 904 
2378 904 
2378 904 
1881 1029 
1801 
1753 750 853 714 715 716 718 721 724 722 723 741 747 748 719 754 720 732 734 772 784 737 783 738 744 800 745 791 802 753 755 774 777 780 830 833 782 837 839 787 788 843 846 789 852 855 794 796 798 803 806 831 834 835 844 840 841 850 847 854 
1881 1029 
1881 1029 
995 910 
2378 904 
2378 904 
995 910 
2378 904 
2378 904 
2378 904 
995 910 
2378 904 
819 2501 2499 975 
821 2501 2499 977 
2486 2419 156 564 174 563 119 364 209 210 596 594 372 241 368 312 320 322 323 385 389 562 597 672 671 687 691 767 768 814 818 978 
768 2486 2419 979 
871 2501 2499 991 
814 2486 2419 992 
945 136 2378 657 196 197 200 201 203 206 205 211 260 214 215 343 219 221 264 286 366 380 383 599 600 601 604 609 667 668 673 643 677 679 648 653 650 651 654 660 678 680 682 684 688 689 676 683 771 823 872 705 817 707 710 712 876 820 883 824 865 869 873 874 877 878 881 882 890 891 893 894 895 897 983 984 994 996 
141 924 2401 612 183 113 361 195 362 202 613 207 208 131 212 216 298 367 224 232 228 189 204 213 261 227 265 257 258 259 263 262 294 297 283 329 295 341 346 345 315 321 325 335 588 595 638 981 641 642 993 652 656 661 665 670 674 681 685 690 980 666 693 675 695 696 997 699 694 697 698 700 
818 2486 2419 998 
875 2501 2499 1000 
1029 1881 
1029 1881 
217 923 995 711 639 644 645 646 658 659 701 702 765 730 729 731 778 775 761 725 762 815 763 726 728 766 742 743 799 805 816 764 879 769 770 889 896 880 822 892 970 
1029 1881 
1029 1881 
1881 1029 
1029 1881 
1881 1029 
1029 1881 
1029 1881 
1881 1029 
1881 1029 
1029 1881 
1881 1029 
1881 1029 
2365 910 217 971 970 
2405 905 997 948 980 981 952 993 968 989 
959 2384 
1029 1881 
1881 1029 
1881 1029 
1881 1029 
1881 1029 
1881 1029 
1881 1029 
1029 1881 
1881 1029 
1881 1029 
1881 1029 
1881 1029 
1881 
1881 
1881 1029 
969 2384 
1881 1029 
1881 1029 
1881 1029 1801 
2384 904 136 957 983 984 959 994 969 972 996 
978 2486 2489 
979 2486 2489 
924 980 2405 2404 
1029 1881 
1881 1029 
1029 1881 
981 924 2405 2404 
1029 1881 
1881 1029 
1029 1881 
1029 1881 
983 945 2384 2383 
1029 1881 
984 945 2384 925 2383 
1029 1881 
1701 1703 
1881 1029 
1029 1881 
1881 1029 
1029 1881 
1029 1881 
992 2486 2489 
993 924 2405 2404 
994 945 2384 941 2383 
910 995 971 923 2361 
923 970 2365 2362 
996 945 2384 2383 
998 2486 2489 
975 2501 
2499 898 974 2500 
977 2501 
2499 899 976 2500 
2419 900 2486 946 2485 
2419 901 2486 947 2485 
2401 905 948 924 2404 2403 
2401 905 924 952 2404 2403 
1701 1703 
2378 904 957 945 2380 2383 
2378 904 945 959 2380 2383 
1701 1703 
1701 1703 
1701 1703 
1701 1703 
997 924 2405 2404 
991 2501 
2499 902 990 2500 
2419 903 2486 967 2485 
2401 905 924 968 2404 2403 
2378 904 945 969 2380 2383 
217 2353 910 711 639 644 645 646 658 659 701 702 765 730 729 731 778 775 761 725 762 815 763 726 728 766 742 743 799 805 816 764 879 769 770 889 896 880 822 892 970 2361 1282 
2378 904 972 945 2380 2383 
2401 905 924 989 2404 2403 
2419 906 2486 973 2485 
1000 2501 
2499 907 2501 999 2500 
1037 
2419 2485 
1040 
2419 2485 
1887 1607 
1887 1607 
2401 2403 
1887 1607 
1887 1607 
1887 1607 
1703 1701 
1703 1701 
1701 1703 
1887 1607 
1887 1607 
1703 1701 
1701 1703 
1703 1701 
1701 1703 
1701 1703 
1701 1703 
1887 1607 
1887 1607 
1703 1701 
1701 1703 
1701 1703 
1887 1607 
2401 2403 
864 1607 1881 736 804 749 756 809 811 813 758 759 760 851 858 808 862 870 812 944 826 828 856 857 860 863 867 866 868 884 887 888 908 912 909 914 917 919 920 921 926 911 913 915 933 1887 916 918 936 922 940 949 951 953 954 927 955 928 956 929 958 930 960 931 962 932 963 965 934 935 966 937 942 943 950 964 
2419 2485 
1061 
2401 2403 
1282 2353 
2401 2403 
2419 2485 
1066 
529 1097 1001 
2485 2419 
2401 2403 
1097 532 1003 
2401 2403 
2419 2485 
2401 2403 
2401 2403 
2401 2403 
1701 1703 
2378 2380 2377 
2378 2380 2377 
1701 1703 
1701 1703 
1701 1703 
1701 1703 
1701 1703 
1701 1703 
1701 1703 
1701 1703 
1701 1703 
1701 1703 
1701 1703 
2401 2403 
1097 550 1031 
2485 2419 
2401 2403 
2378 2380 2377 
2401 2403 
1097 551 1036 
2419 2485 
2499 2500 
2401 2403 
2499 2500 
2401 2403 
1701 1703 
1701 1703 
1701 1703 
1701 1703 
1701 1703 
1701 1703 
1701 1703 
1701 
1701 1703 
1701 1703 
1701 1703 
1701 1703 
1701 1703 
1701 1703 
1701 1703 
1701 1703 
1701 1703 
1701 1703 
1701 1703 
1701 1703 
1701 1703 
1701 1703 
1701 1703 
2401 2403 
2499 2500 
1167 1037 1040 1061 1066 
2378 2380 2377 
2401 2403 
2499 2500 
2499 2500 
2380 2378 
2357 2361 
2378 2380 
1811 1960 
2380 2378 
2357 2361 
1811 1960 
2378 2380 
1703 1701 
1701 1703 
1701 1703 
1701 1703 
1701 1703 
1701 1703 
1701 1703 
1703 1701 
1703 1701 
1701 1703 
1701 1703 
1701 1703 
1701 1703 
1703 1701 
1701 1703 
1701 1703 
1701 1703 
1701 1703 
1701 1703 
1811 1960 
2357 2361 
1811 1960 
1701 1703 
1701 1703 
1701 1703 
2380 2378 
2378 2380 
2378 2380 
2378 2380 
2401 2403 
2401 2403 
2378 2380 
1811 1960 
1811 1960 
1811 1960 
2401 2403 
1811 1960 
1703 1701 
1811 1960 
1811 1960 
1811 1960 
1811 1960 
1703 1701 
1701 1703 
1811 1960 
1811 1960 
1811 1960 
1811 1960 
1701 1703 
1811 1960 
1811 1960 
1811 1960 
1811 1960 
1811 1960 
2401 2403 
1811 1960 
2378 2380 
1097 2501 
2401 2403 
2401 2403 
2378 2380 
2378 2380 
2378 2380 
2378 2380 
1703 1701 
1701 1703 
1701 1703 
1701 1703 
1703 1701 
1703 1701 
1701 1703 
1701 1703 
1701 1703 
1703 1701 
1701 1703 
1703 1701 
1701 1703 
1701 1703 
1701 1703 
1701 1703 
1701 1703 
1701 1703 
1703 1701 
1701 
1701 1703 
1701 1703 
1701 1703 
1701 1703 
1701 1703 
1703 1701 
1701 1703 
1701 
1701 1703 
1701 1703 
1701 1703 
1701 1703 
2378 2380 
2378 2380 
2378 2380 
2378 2380 
2378 2380 
2378 2380 
2499 2500 
2378 2380 
2378 2380 
2357 2361 
2378 2380 
2378 2380 
2499 2500 
2357 2361 
1811 1960 
1811 1960 
2378 2380 
2378 2380 
2357 2361 
1701 1703 
2378 2380 
2378 2380 
1701 1703 
2357 2361 
1701 1703 
1811 1960 
1811 1960 
1701 1703 
1701 1703 
1811 1960 
1811 1960 
1701 1703 
2357 2361 
1701 1703 
2378 2380 
1701 1703 
2357 2361 
2378 2380 
2378 2380 
1811 1960 
1811 1960 
2357 2361 
2499 2500 
2378 2380 
2378 2380 
2357 2361 
2378 2380 
2499 2500 
2401 2403 
2378 2380 
2378 2380 
2499 2500 
2419 2485 
2401 2403 
2378 2380 
2419 2485 
2378 2380 
2378 2380 
2401 2403 
2378 2380 
2378 2380 
2378 2380 
2378 2380 
2378 2380 
2378 2380 
2378 2380 
2378 2380 
2378 2380 
2357 2361 
2401 2403 
2378 2380 
2378 2380 
2401 2403 
2499 2500 
2419 2485 
2378 2380 
995 2361 1033 2357 2353 
2378 2380 
2378 2380 
2378 2380 
2401 2403 
2499 2500 
2419 2485 
2499 2500 
2357 2361 
2357 2361 
2357 2361 
2357 2361 
2357 2361 
1703 1701 
1701 
1703 1701 
1701 1703 
1701 
2357 2361 
1701 1703 
2357 2361 
1703 1701 
1701 
1701 
1701 1703 
1703 1701 
1701 
1701 
1701 1703 
1701 
1703 1701 
1701 
1701 1703 
1701 
2357 2361 
1703 1701 
1701 
1701 1703 
2357 2361 
1701 
1701 
1701 1703 
1701 
1701 
1701 
1701 1703 
1701 1703 
1701 
1701 1703 
2357 2361 
2357 2361 
2357 2361 
2499 2500 
2499 2500 
2419 2485 
2357 2361 
1701 1703 
2357 2361 
1701 1703 
1701 1703 
2357 2361 
2357 2361 
1701 1703 
2357 2361 
2357 2361 
2499 2500 
2499 2500 
2419 2485 
2419 2485 
2401 2403 
2378 2380 
2378 2380 
2401 2403 
2378 2380 
2419 2485 
2419 2485 
2419 2485 
2401 2403 
2401 2403 
2378 2380 
2378 2380 
2378 2380 
1701 1703 
1701 1703 
1701 1703 
1701 1703 
1701 
1701 1703 
1701 
1701 1703 
1701 1703 
1701 1703 
2378 2380 
2378 2380 
2378 2380 
2401 2403 
2401 2403 
2401 2403 
2401 2403 
2401 2403 
2378 2380 
2419 2485 
2419 2485 
2419 2485 
2401 2403 
2378 2380 
2378 2380 
2401 2403 
2401 2403 
2401 2403 
2401 2403 
2419 2485 
2419 2485 
2419 2485 
2419 2485 
2378 2380 
2499 2500 
2419 2485 
2401 2403 
2378 2380 
2357 2361 
2357 2361 
2357 2361 
1701 1703 
1701 1703 
1701 1703 
2378 2380 
2357 2361 
1701 1703 
1701 1703 
2357 2361 
2357 2361 
2357 2361 
2401 2403 
2499 2500 
2357 2361 
2378 2380 
2499 2500 
2499 2500 
2401 2403 
2401 
2419 2485 
2401 2403 
2419 2485 
2378 2380 
2378 2380 
2401 2403 
2401 2403 
2401 2403 
2378 2380 
2378 2380 
2401 2403 
2401 2403 
1701 1703 
1701 1703 
1701 
1701 1703 
1701 1703 
1701 1703 
1701 1703 
1701 1703 
1701 
1701 
1701 1703 
1701 1703 
1701 1703 
1701 1703 
1701 1703 
1701 1703 
2401 
2378 2380 
2401 
2401 2403 
2378 2380 
2378 2380 
2401 2403 
2401 2403 
2378 2380 
2401 2403 
2401 2403 
2419 2485 
2419 2485 
2401 2403 
2401 2403 
2401 
2401 2403 
2378 2380 
2357 2361 
2378 2380 
2378 2380 
2378 2380 
2378 2380 
2378 2380 
2378 2380 
1701 1703 
1701 1703 
1701 1703 
1701 1703 
1701 1703 
2357 2361 
1701 1703 
1701 1703 
1701 1703 
2378 2380 
1701 1703 
1701 1703 
2378 2380 
2378 2380 
2378 2380 
2378 2380 
2378 2380 
2378 2380 
2419 2485 
2357 2361 
2419 2485 
2499 2500 
2499 2500 
2419 2485 
2419 2485 
2419 2485 
1811 1960 
1701 
1701 1703 
1701 
1701 
1701 1703 
1701 
1701 
1701 1703 
1701 
1701 1703 
2357 2361 
1701 
1701 1703 
1701 
1701 1703 
2357 2361 
1701 
1701 
1701 1703 
1701 1703 
1701 
1701 
1701 1703 
1701 
1701 1703 
1701 
1701 1703 
1701 1703 
1811 1960 
2378 2380 
2419 2485 
2378 2380 
2419 2485 
2499 2500 
2419 2485 
2419 2485 
2357 2361 
2419 2485 
2499 2500 
2401 2403 
2401 2403 
2401 2403 
1811 1960 
1701 
1701 1703 
1701 1703 
1701 
1701 1703 
1591 
1701 1703 
1701 
1701 1703 
1701 
1701 1703 
1701 1703 
2378 2380 
1701 
1701 1703 
1701 
1701 1703 
1701 1703 
1701 1703 
1811 1960 
2401 2403 
2401 2403 
2401 2403 
2378 2380 
2401 2403 
2401 2403 
2401 2403 
2401 2403 
2401 2403 
2401 2403 
2378 2380 
2401 2403 
2401 2403 
2378 2380 
1811 1960 
1811 1960 
2378 2380 
1811 1960 
1811 1960 
1811 1960 
1811 1960 
1701 
1811 1960 
1701 
1701 1703 
1633 1551 
1701 1703 
1701 
1701 
1701 1703 
1701 
1701 1703 
1811 1960 
1701 1703 
1701 1703 
1701 1703 
1811 1960 
1811 1960 
1811 1960 
1811 1960 
2378 2380 
1960 709 864 704 706 1029 703 708 1005 1887 1811 1006 1008 1009 1010 1014 1015 1022 1023 1027 
2401 2403 
2401 2403 
2378 2380 
2378 2380 
2401 2403 
2401 2403 
2401 2403 
2401 2403 
2419 2485 
2419 2485 
2357 2361 
2378 2380 
2378 2380 
2378 2380 
1811 1960 
2378 2380 
1811 1960 
2357 2361 
2357 2361 
1811 1960 
1701 1703 
1701 
1701 1703 
1811 1960 
1811 1960 
1636 1591 
1701 1703 
1811 1960 
1694 1633 
1701 1703 
1701 1703 
1811 1960 
1701 1703 
1811 1960 
2357 2361 
1811 1960 
1811 1960 
1811 1960 
1811 1960 
1811 1960 
1811 1960 
2378 2380 
2378 2380 
2401 2403 
2419 2485 
2378 2380 
2357 2361 
2357 2361 
2401 2403 
2419 2485 
2401 2403 
2378 2380 
2401 2403 
2499 2500 
2419 2485 
2357 2361 
2357 2361 
2401 2403 
2357 2361 
2357 2361 
2357 2361 
1811 1960 
1811 1960 
1811 1960 
1811 1960 
1811 1960 
2401 2403 
2401 2403 
1811 1960 
2378 2380 
2357 2361 
1811 1960 
1811 1960 
2357 2361 
1811 1960 
1811 1960 
2378 2380 
2357 2361 
2378 2380 
1701 1703 
2378 2380 
1811 1960 
1701 1703 
1701 1703 
1701 1703 
1811 1960 
1701 1636 
1701 1703 
1811 1960 
2357 2361 
1701 1703 
1701 1703 
2378 2380 
1025 1703 1694 982 961 987 1011 1013 1012 985 986 1016 1017 1019 1018 1020 988 1021 1024 1026 1072 1076 1049 1050 1052 1053 1080 1081 1087 1088 1056 1055 1058 1091 1059 1094 1074 1046 1077 1078 1051 1084 1085 1054 1089 1057 1090 1093 1110 1073 1075 1114 1115 1117 1079 1184 1118 1120 1121 1082 1123 1083 1125 1086 1127 1128 1199 1198 1132 1133 1092 1134 1147 1111 1178 1112 1113 1181 1116 1119 1122 1152 1153 1124 1192 1193 1194 1126 1158 1201 1205 1174 1175 1176 1179 1180 1183 1182 1185 1186 1187 1188 1189 1190 1196 1195 1200 1197 1202 1203 1204 1225 1177 1228 1230 1233 1234 1191 1237 1239 1241 1295 1296 1298 1297 1299 1301 1303 1304 1306 1305 1307 1308 1310 1309 1312 1311 1313 1314 1317 1315 1318 1319 1321 1322 1323 1324 1325 1326 1327 1328 1329 1330 1338 1340 1341 1344 1630 1435 1479 1364 1436 1365 1637 1439 1441 1406 1486 1367 1368 1407 1370 1371 1450 1411 1366 1405 1442 1369 1449 1372 1373 1410 1443 1444 1476 1437 1477 1438 1440 1480 1482 1445 1484 1446 1487 1447 1448 1503 1504 1505 1506 1507 1478 1508 1510 1511 1548 1515 1516 1521 1519 1520 1525 1524 1483 1560 1526 1529 1628 1509 1512 1514 1552 1553 1517 1523 1555 1522 1559 1562 1527 1528 1530 1587 1546 1547 1589 1590 1549 1550 1592 1593 1554 1594 1556 1596 1601 1557 1600 1561 1563 1564 1634 1638 1595 1640 1597 1599 1702 1629 1687 1690 1692 1691 1695 1698 1699 
1701 1703 
1753 1025 1701 982 961 987 1011 1013 1012 985 986 1016 1017 1019 1018 1020 988 1021 1024 1026 1072 1076 1049 1050 1052 1053 1080 1081 1087 1088 1056 1055 1058 1091 1059 1094 1074 1046 1077 1078 1051 1084 1085 1054 1089 1057 1090 1093 1110 1073 1075 1114 1115 1117 1184 1118 1120 1121 1082 1123 1083 1125 1086 1127 1128 1199 1198 1132 1133 1092 1134 1147 1111 1178 1112 1113 1181 1116 1119 1122 1152 1153 1124 1192 1194 1126 1158 1205 1174 1175 1176 1179 1180 1183 1182 1185 1186 1187 1188 1189 1190 1195 1196 1197 1200 1202 1203 1204 1225 1177 1228 1230 1233 1234 1191 1237 1239 1241 1295 1298 1297 1301 1303 1306 1307 1310 1312 1314 1317 1319 1323 1327 1328 1330 1338 1340 1341 1344 1630 1435 1479 1364 1436 1365 1637 1439 1441 1486 1367 1371 1450 1366 1405 1406 1407 1369 1372 1411 1373 1410 1442 1449 1476 1477 1438 1440 1480 1482 1445 1484 1446 1487 1447 1448 1504 1507 1478 1510 1515 1521 1483 1529 1628 1512 1548 1552 1517 1522 1525 1560 1562 1527 1530 1547 1590 1550 1592 1554 1556 1601 1557 1600 1563 1564 1634 1638 1595 1640 1597 1599 1702 1687 1690 1692 1691 1695 1698 1699 
1811 1960 
1811 1960 
1811 1960 
2357 2361 
1811 1960 
1811 1960 
2357 2361 
1811 1960 
1811 1960 
1811 1960 
2378 2380 
2401 2403 
2357 2361 
2401 2403 
1811 1960 
1811 1960 
1811 1960 
1811 1960 
2401 2403 
1811 1960 
1811 1960 
1811 1960 
2401 2403 
2401 2403 
2499 2500 
2357 2361 
2357 2361 
2401 2403 
2499 2500 
2401 2403 
2419 2485 
2401 2403 
2378 2380 
2378 2380 
2378 2380 
2378 2380 
2378 2380 
2401 2403 
2401 2403 
2499 2500 
2357 2361 
1811 1960 
1811 1960 
1811 1960 
1811 1960 
1811 1960 
2357 2361 
1811 1960 
1811 1960 
1755 886 1703 
1811 1960 
1796 1753 
1811 1960 
1811 1960 
1811 1960 
1811 1960 
2378 2380 
2378 2380 
2378 2380 
2378 2380 
2378 2380 
2378 2380 
2401 2403 
2378 2380 
2499 2500 
2499 2500 
2401 2403 
2378 2380 
2378 2380 
2499 2500 
2401 2403 
2401 2403 
2401 2403 
2401 2403 
2401 2403 
2401 2403 
1887 1956 
2378 2380 
1887 1956 
1887 1956 
1887 1956 
1887 1956 
1887 1956 
1887 
1887 1956 
1887 1956 
2378 2380 
2378 2380 
1887 1956 
1887 1956 
1887 1956 
1887 1956 
1801 1755 
1887 1956 
1887 1956 
1887 1956 
1887 1956 
1881 1796 944 885 
2378 2380 
1887 1956 
1887 1956 
1887 
1887 1956 
1887 1956 
1887 1956 
2378 2380 
1887 1956 
1887 1607 1960 1143 1220 1221 1144 1142 1105 1108 1146 1149 1150 1151 1231 1232 1235 1236 1155 1129 1154 1156 1131 1157 1159 1161 1165 1162 1163 1245 1246 1148 1160 1583 1502 1584 1588 1531 1604 1581 1580 1545 1585 1598 1602 1565 1605 1622 1671 1586 1627 1631 1704 1639 1603 1645 1648 1745 1746 1672 1673 1624 1679 1680 1748 1683 1632 1751 1696 1635 1706 1708 1709 1641 1643 1718 1721 1644 1723 1724 1646 1725 1647 1669 1670 1956 1747 1676 1682 1749 1689 1752 1693 1754 1756 1705 1713 1711 1712 1719 1757 1758 1720 1759 
2378 2380 
2401 2403 
2378 2380 
2401 2403 
2401 2403 
2378 2380 
2401 2403 
2419 2485 
2401 2403 
2378 2380 
2401 2403 
2419 2485 
2419 2485 
2401 2403 
2401 2403 
2378 2380 
2401 2403 
2401 2403 
2419 2485 
2499 2500 
2499 2500 
2378 2380 
2499 2500 
2294 2289 
2499 2500 
2499 2500 
2499 2500 
2499 2500 
2315 2313 
2315 2313 
2294 2289 
2499 2500 
2499 2500 
2315 2313 
2401 2403 
2378 2380 
2499 2500 
2401 2403 
2378 2380 
2378 2380 
2378 2380 
2401 2403 
2378 2380 
2378 2380 
2378 2380 
2401 2403 
1887 1956 
1887 1956 
1887 
1887 1956 
1887 
1887 1956 
2378 2380 
2401 2403 
1887 1956 
1887 
1887 1956 
1887 
1887 1956 
1887 1956 
2378 2380 
1887 1956 
1887 1956 
1887 1956 
2378 2380 
1887 
1887 1956 
1887 
1887 1956 
864 1801 1029 735 752 757 759 736 804 749 807 809 756 811 810 813 758 760 827 851 856 858 861 808 862 866 867 870 812 944 825 826 828 857 859 860 863 868 884 887 888 908 912 909 914 917 919 920 921 926 911 913 915 933 1887 916 918 936 922 940 949 951 953 954 927 955 928 956 929 958 930 960 931 962 932 963 965 934 935 966 937 938 939 942 943 950 964 
1887 
1887 
1887 1956 
1887 1956 
1887 1956 
1029 1881 1005 1607 1811 1006 1008 1009 1010 1014 1015 1022 1023 1027 1956 1800 1808 1784 1782 1780 1783 1859 1863 1785 1858 1786 1789 1788 1866 1870 1787 1871 1878 1874 1795 1875 1794 1792 1797 1793 1798 1799 1806 1884 1886 1885 1803 1889 1804 1810 1805 1807 1861 1888 1860 1862 1868 1867 1869 1873 1877 1879 1880 1882 1883 
1887 1956 
1887 1956 
2378 2380 
2419 2485 
2401 2403 
2378 2380 
2378 2380 
2499 2500 
2378 2380 
2499 2500 
2401 2403 
2357 2361 
2499 2500 
2499 2500 
2477 2475 
2378 2380 
2378 2380 
2378 2380 
2499 2500 
2477 2475 
2499 2500 
2477 2475 
2401 2403 
2401 2403 
2378 2380 
2419 2485 
2401 2403 
2499 2500 
2401 2403 
2401 2403 
2401 2403 
2401 2403 
2401 2403 
2419 2485 
2401 2403 
2401 2403 
2401 2403 
2401 2403 
2378 2380 
2378 2380 
2378 2380 
2401 2403 
2378 2380 
2378 2380 
2401 2403 
2401 2403 
2401 2403 
2378 2380 
2401 2403 
2401 2403 
2401 2403 
2401 2403 
2419 2485 
2401 2403 
2378 2380 
2378 2380 
2378 2380 
2401 2403 
2401 2403 
2401 2403 
2401 2403 
2401 2403 
2378 2380 
2378 2380 
2401 2403 
2401 2403 
2401 2403 
2401 2403 
1811 1960 1887 1800 1808 1784 1782 1780 1783 1859 1863 1785 1858 1786 1789 1788 1866 1871 1870 1878 1874 1795 1794 1792 1797 1875 1793 1798 1799 1806 1884 1886 1803 1885 1804 1810 1807 1861 1888 1868 1873 1880 1889 
2401 2403 
2378 2380 
2378 2380 
1961 293 709 287 289 291 292 363 404 382 405 328 413 330 331 332 333 334 411 336 437 365 414 337 338 415 339 419 417 440 420 340 381 406 407 408 409 410 384 416 418 431 403 412 436 449 568 450 451 452 432 480 533 433 434 537 483 454 455 456 457 435 581 458 459 629 460 461 485 541 486 462 545 463 464 633 465 453 570 582 519 583 484 593 487 522 507 481 482 499 510 511 500 513 534 538 509 542 546 512 508 518 521 517 535 536 539 520 540 543 544 547 548 553 554 555 575 556 557 558 559 590 560 565 566 1607 569 571 619 620 572 573 574 576 577 578 579 584 585 631 632 586 587 589 591 592 567 602 603 605 606 580 624 607 608 610 611 636 614 615 616 617 621 622 623 625 626 627 628 634 635 637 618 630 647 649 1811 1143 1220 1221 1144 1142 1105 1108 1146 1149 1150 1151 1231 1232 1235 1236 1155 1129 1154 1156 1131 1157 1159 1161 1165 1162 1163 1245 1246 1148 1160 1583 1502 1584 1588 1531 1604 1581 1580 1545 1585 1598 1602 1565 1605 1622 1671 1586 1627 1631 1704 1639 1603 1645 1648 1745 1746 1672 1673 1624 1679 1680 1748 1683 1632 1751 1696 1635 1706 1708 1709 1641 1643 1718 1644 1721 1723 1724 1646 1725 1647 1669 1670 1956 1747 1676 1682 1749 1689 1752 1693 1754 1756 1705 1713 1711 1712 1719 1757 1720 1758 1759 
2025 1960 
2401 2403 
2401 2403 
2401 2403 
2419 2485 
2401 2403 
2378 2380 
2378 2380 
2401 2403 
2401 2403 
2419 2485 
2401 2403 
2378 2380 
2401 2403 
2401 2403 
2401 2403 
2401 2403 
2378 2380 
2378 2380 
2419 2485 
2401 2403 
2401 2403 
2419 2485 
2401 2403 
2378 2380 
2378 2380 
2401 2403 
2401 2403 
2509 2510 
2419 2485 
2401 2403 
2401 2403 
2401 2403 
2401 2403 
2401 2403 
2401 2403 
2419 2485 
2509 2510 
2240 2242 
2499 2500 
2401 2403 
2401 2403 
2499 2500 
2264 2248 
2499 2500 
2499 2500 
2419 2485 
2419 2485 
2499 2500 
2315 2313 
2315 2313 
2499 2500 
2499 2500 
2499 2500 
2499 2500 
2419 2485 
2419 2485 
2499 2500 
2358 2362 
2401 2403 
2401 2403 
2401 2403 
2401 2403 
2401 2403 
2334 1961 
2401 2403 
2401 2403 
2358 2362 
2499 2500 
2401 2403 
2499 2500 
2419 2485 
2499 2500 
2401 2403 
2419 2485 
2499 2500 
2499 2500 
2477 2475 
2499 2500 
2499 2500 
2419 2485 
2419 2485 
2499 2500 
2509 2510 
2458 2452 
2477 2475 
2499 2500 
2401 2403 
2401 2403 
2401 2403 
2401 2403 
2401 2403 
2499 2500 
2518 2519 
2529 2530 
2419 2485 
2264 2248 
2294 2289 
2265 2266 
2499 2500 
2288 2280 
2499 2500 
2401 2403 
2334 
2401 2403 
2419 2485 
2419 2485 
2499 2500 
2499 2500 
2509 2510 
2458 2452 
2499 2500 
2499 2500 
2518 2519 
2529 2530 
2466 2462 
2401 2403 
2401 2403 
2419 2485 
2509 2510 
2518 2519 
2529 2530 
2294 2289 
2499 2500 
2419 2485 
2419 2485 
2499 2500 
2499 2500 
2499 2500 
2499 2500 
2499 2500 
2294 2289 
2499 2500 
2499 2500 
2499 2500 
2499 2500 
2499 2500 
2499 2500 
2419 2485 
2419 2485 
2419 2485 
2499 2500 
2499 2500 
2499 2500 
2509 2510 
2518 2519 
2499 2500 
2499 2500 
2499 2500 
2419 2485 
2509 2510 
2518 2519 
2499 2500 
2419 2485 
2499 2500 
2499 2500 
2315 2313 
2288 2280 
2264 2248 
2499 2500 
2419 2485 
2499 2500 
2499 2500 
2499 2500 
2357 
2499 2500 
2499 2500 
2499 2500 
2419 2485 
2499 2500 
2499 2500 
2499 2500 
2357 
2357 2361 
2499 2500 
2419 2485 
2499 2500 
2499 2500 
2357 2361 
2477 2475 
2499 2500 
2509 2510 
2466 2462 
2458 2452 
2518 2519 
2529 2530 
2499 2500 
2499 2500 
2499 2500 
2499 2500 
2499 2500 
2499 2500 
2499 2500 
2509 2510 
2518 2519 
2529 2530 
2171 2159 
2169 2170 
2157 2160 
2159 2161 
2160 2162 
2161 2163 
2162 2164 
2163 2165 
2164 
2218 2167 
2166 2168 
2167 2169 
2168 2170 2158 
2169 2171 2158 
2170 2157 
2213 2215 
2240 2242 
2265 2266 
2294 2289 
2294 2289 
2499 2500 
2499 2500 
2499 2500 
2499 
2499 2500 
2499 2500 
2499 2500 
2499 2500 
2315 2313 
2315 2313 
2288 2280 
2264 2248 
2238 2226 
2209 2210 
2211 2192 
2191 2193 
2192 2194 
2193 2195 
2194 2196 
2195 2197 
2196 2198 
2197 
2265 2266 
2265 2266 
2294 2289 
2499 2500 
2499 2500 
2315 2313 
2288 2280 
2229 2207 
2206 2208 
2207 2209 
2208 2210 2190 
2209 2211 2190 
2210 2191 
2233 2213 
2212 2215 2172 2214 
2213 2215 
2213 2216 2172 2214 
2215 2217 
2216 2218 
2217 2166 
2265 2266 
2499 2500 
2419 2485 
2419 2485 
2499 
2288 2280 
2238 2226 
2238 2227 2189 2225 
2226 2228 
2227 2229 
2228 2206 
2243 2231 
2230 2232 
2231 2233 
2232 2212 
2294 2289 
2251 2236 
2235 2237 
2236 2238 
2237 2226 2189 2225 
2255 2240 
2239 1999 2242 2173 2241 
2240 2242 
1999 2243 2240 2173 2241 
2242 2230 
2294 2289 
2499 2500 
2315 2313 
2264 2248 
2004 2249 2264 2057 2119 2247 2188 
2248 2250 
2249 2251 
2250 2235 
2267 2253 
2252 2254 
2253 2255 
2254 2239 
2265 2266 
2265 2266 
2294 2289 
2499 2500 
2419 2485 
2288 2280 
2272 2263 
2262 2264 
2263 2004 2248 2057 2119 2247 2188 
2274 2266 2059 2199 2257 2219 2200 2174 2256 2275 
2265 2267 2059 2199 2257 2219 2200 2174 2256 2275 
2266 2252 
2294 2289 
2499 2500 
2288 2280 
2282 2272 
2271 2262 
2284 2274 
2273 2265 
2265 2266 
2499 2500 
2401 2403 
2499 2500 
2315 2313 
2288 2281 2061 2118 2261 2205 2224 2187 2270 
2280 2282 
2281 2271 
2291 2284 
2283 2273 
2419 2485 
2499 2500 
2293 2288 
2287 2280 2061 2118 2261 2205 2224 2187 2270 
2294 2290 1835 1842 2058 2083 2092 2175 2258 2295 2176 2201 2234 2244 2268 2306 
2289 2291 
2290 2283 
2315 2313 
2301 2287 
2303 2289 1835 1842 2058 2083 2092 2175 2258 2295 2176 2201 2234 2244 2268 2306 
2294 2289 
2499 2500 
2378 2380 
2401 2403 
2499 
2305 2301 
2300 2293 
2504 2303 
2302 2294 
2419 2485 
2314 2300 
2294 2289 
2499 2500 
2357 2361 
2378 2380 
2499 2500 
2499 2500 
2315 2313 
2315 2314 1840 1845 1841 2011 2010 2117 2279 2292 2204 2185 2186 2246 2312 
2313 2305 
2321 2313 1840 1845 1841 2011 2010 2117 2279 2292 2204 2185 2186 2246 2312 
2419 2485 
2357 2361 
2499 2500 
2499 2500 
2499 2500 
2328 2315 
2499 
2499 2500 
2357 2361 
2357 2361 
2499 
2499 2500 
2504 2321 
2499 2500 
2499 2500 
2499 2500 
2401 2403 
2499 2500 
2340 2025 2064 
2499 2500 
2499 2500 
2499 2500 
2401 2403 
2499 2500 
2343 2334 
2419 2485 
2357 2361 
2348 2340 
2509 2510 
2477 2475 
2499 2500 
2357 2361 
2353 2343 
2357 2361 
2499 2500 
2499 2500 
2509 2510 
995 2348 711 498 1033 1282 2357 
2509 2510 
2477 2475 
2499 
1282 2353 2361 1103 1107 1130 1215 1899 1229 1238 1251 1219 1224 1242 1247 1291 1316 1274 1337 1293 1294 1339 1342 1343 1345 1346 1290 1292 1300 1302 1320 1331 1332 1333 1404 1417 1403 1413 1402 1409 1412 1414 1469 1495 1513 1481 1518 1539 1668 1666 1618 1678 1625 1710 1716 1642 1730 1655 1663 1664 1667 1681 1626 1685 1697 1707 1729 1654 1744 1750 2358 2125 2133 2134 2349 2139 2308 2317 2324 2325 2342 2347 
2357 2361 2362 2019 2028 
2401 2403 
2378 2380 
2362 970 995 1282 2357 1103 1107 1130 1215 1899 1229 1238 1251 1219 1224 1242 1247 1291 1316 1274 1337 1293 1294 1339 1342 1343 1345 1346 1290 1292 1300 1302 1320 1331 1332 1333 1404 1417 1403 1413 1402 1409 1412 1414 1469 1495 1513 1481 1518 1539 1668 1666 1618 1678 1625 1710 1716 1642 1730 1655 1663 1664 1667 1681 1626 1685 1697 1707 1729 1654 1744 1750 2358 2134 2349 2139 2308 2317 2324 2325 2342 2347 
971 2365 2361 2358 2019 2028 
2401 2403 
2419 2485 
2366 923 971 2362 
2373 2365 
2419 2485 
2499 2500 
2509 2510 
2466 2462 
2477 2475 
2401 2403 
2374 2366 
2377 2373 
2401 2403 
2518 2519 
2378 2374 1047 1048 1064 1098 
136 2377 904 657 196 197 200 201 203 206 205 211 260 214 215 343 219 221 264 286 366 380 383 599 600 601 604 609 667 668 673 643 677 679 648 653 650 651 654 660 678 680 682 684 688 689 676 683 771 823 872 705 817 707 710 712 876 820 883 824 865 869 873 874 877 878 881 882 890 891 893 894 895 897 983 984 994 996 1047 1048 1064 1098 2380 1102 1104 1141 1173 1106 1109 1135 1136 1209 1207 1166 1211 1137 1138 1170 1214 1216 1171 1172 1226 1227 1240 1243 1206 1208 1250 1252 1210 1262 1213 1255 1217 1267 1263 1265 1223 1266 1222 1244 1276 1272 1277 1249 1284 1256 1260 1268 1269 1270 1273 1271 1281 1283 1285 1352 1353 1362 1363 1374 1376 1387 1388 1355 1361 1375 1382 1397 1401 1408 1418 1427 1432 1426 1431 1459 1452 1456 1455 1468 1470 1471 1472 1473 1474 1475 1485 1488 1489 1490 1491 1492 1493 1532 1534 1576 1579 1558 1606 1611 1569 1619 1620 1582 1650 1610 1847 1659 1772 1931 1621 1623 1856 1677 1684 1686 1802 1959 1967 1714 1649 1653 1736 1740 1737 1986 1927 1767 1928 1850 1851 1855 1943 1950 1951 1688 1790 1791 1958 1700 1968 1893 1812 1978 1821 1979 1985 1738 1833 1739 1771 1935 1852 1781 1809 1760 1761 1896 1973 1762 1763 1764 1765 1827 1814 1817 1930 1926 1854 1942 1944 1864 1872 1876 1890 1894 1903 1904 1905 1912 2379 2309 2297 2360 
2378 2380 
983 2383 984 994 996 1047 1048 1064 1098 2378 1102 1104 1141 1173 1106 1109 1135 1136 1209 1207 1166 1211 1137 1138 1170 1214 1216 1171 1172 1226 1227 1240 1243 1206 1208 1250 1252 1210 1262 1213 1255 1217 1267 1263 1265 1223 1266 1222 1244 1276 1272 1277 1249 1284 1256 1260 1268 1269 1270 1273 1271 1281 1283 1285 1352 1353 1362 1363 1374 1376 1387 1388 1355 1361 1375 1382 1397 1401 1408 1418 1427 1432 1426 1431 1459 1452 1456 1455 1468 1470 1471 1472 1473 1474 1475 1485 1488 1489 1490 1491 1492 1493 1532 1534 1576 1579 1558 1606 1611 1569 1619 1620 1582 1650 1610 1847 1659 1772 1931 1621 1623 1856 1677 1684 1686 1802 1959 1967 1714 1649 1653 1736 1740 1737 1986 1927 1767 1928 1850 1851 1855 1943 1950 1951 1688 1790 1791 1958 1700 1968 1893 1812 1978 1821 1979 1985 1738 1833 1739 1771 1935 1852 1781 1809 1760 1761 1896 1973 1762 1763 1764 1765 1827 1814 1817 1930 1926 1854 1942 1944 1864 1872 1876 1890 1894 1903 1904 1905 1912 2379 2309 2297 2360 
2419 2485 
2401 2403 
2384 957 2380 959 983 984 969 972 994 996 
2385 945 957 959 925 969 941 972 2383 
2392 2384 
2419 2485 
2509 2510 
2458 2452 
2466 2462 
2477 2475 
2499 2500 
2393 2385 
2394 2392 
2401 2393 
2499 2500 
2509 2510 
2509 2510 
2509 2510 
2518 2519 
2529 2530 
141 2394 905 612 183 113 361 195 362 202 613 207 208 131 212 216 298 367 224 232 228 189 204 213 261 227 265 257 258 259 263 262 294 297 283 329 295 341 346 345 315 321 325 335 588 595 638 981 641 642 993 652 656 661 665 670 674 681 685 690 980 666 693 694 675 695 696 697 698 997 699 700 1039 1043 1044 1045 2403 1007 1060 1028 1065 1063 1032 1034 1041 1069 1071 1095 1099 1139 1360 1259 1140 1145 1386 1164 1278 1168 1169 1254 1430 1264 1464 1275 1286 1351 1359 1380 1391 1354 1429 1377 1379 1378 1381 1415 1392 1389 1390 1421 1422 1424 1400 1433 1434 1451 1453 1454 1457 1467 1465 1466 1428 1461 1458 1460 1542 1574 1543 1544 1608 1566 1568 1570 1572 1573 1575 1577 1578 1567 1609 1612 1613 1571 1614 1615 1658 1660 1674 1675 1717 1722 1651 1735 1742 1656 1665 1715 1726 1727 1733 1731 1741 1766 1770 1774 1846 1775 1849 1776 1777 1779 1892 1815 1816 1820 1818 1822 1825 1829 1914 1923 1916 1924 1929 1925 1938 1778 1945 1857 1865 1947 1963 1962 1969 1813 1976 1826 1828 1910 1911 1995 1917 1920 1922 1934 1933 1853 1939 1941 1946 1948 2022 1949 1957 2026 1964 1966 1974 1977 1898 1984 1988 1987 1991 1992 2049 2051 1996 2001 1918 1919 2002 2338 2402 1932 1936 1937 2021 1952 1953 1954 1955 2024 1970 1972 1975 1981 1982 1993 1994 2020 2065 2023 2027 2030 2034 2048 2078 2050 2052 2063 2077 2363 2375 2277 2298 2332 2359 2372 2382 
2401 2403 
2404 980 1039 981 1043 1044 1045 2401 1007 993 1060 997 1028 1065 1063 1032 1034 1041 1069 1071 1095 1099 1139 1360 1259 1140 1145 1386 1164 1278 1168 1169 1254 1264 1351 1430 1359 1464 1275 1380 1286 1391 1354 1429 1377 1379 1378 1381 1415 1392 1389 1390 1421 1424 1400 1433 1434 1454 1457 1465 1467 1428 1461 1458 1460 1542 1574 1543 1544 1608 1566 1568 1570 1572 1573 1575 1577 1578 1567 1609 1612 1613 1571 1614 1615 1658 1660 1674 1675 1717 1722 1651 1735 1742 1656 1665 1715 1726 1727 1733 1731 1741 1766 1770 1774 1846 1775 1849 1776 1777 1779 1892 1815 1816 1820 1818 1822 1825 1829 1914 1923 1916 1924 1929 1925 1938 1778 1945 1857 1865 1947 1963 1962 1969 1813 1976 1826 1828 1910 1911 1995 1917 1920 1922 1934 1933 1853 1939 1941 1946 1948 2022 1949 1957 2026 1964 1966 1974 1977 1898 1984 1988 1987 1991 1992 2049 2051 1996 2001 1918 1919 2002 2338 2402 1932 1936 1937 2021 1952 1953 1954 1955 2024 1970 1972 1975 1981 1982 1993 1994 2020 2065 2023 2027 2030 2034 2048 2078 2050 2052 2063 2077 2363 2375 2277 2298 2332 2359 2372 2382 
948 2405 952 968 989 980 981 993 997 2403 
2414 924 952 968 989 948 2404 
2518 2519 
2541 2542 
2449 2442 
2466 2462 
2499 2500 
2477 2475 
2499 2500 
2499 
2415 2405 
2416 2414 
2417 2415 
2416 2419 
2419 2485 
900 156 2417 564 174 563 119 364 209 210 596 594 372 241 368 312 320 322 323 385 389 562 597 672 671 687 691 767 768 814 818 901 903 906 978 979 992 998 1002 2485 1004 1030 1035 1038 1042 1062 1067 1258 1261 1280 1288 1336 1349 1350 1358 1357 1385 1383 1393 1396 1356 1399 1395 1462 1384 1394 1423 1494 1496 1425 1501 1500 1533 1535 1463 1538 1540 1499 1537 1616 1662 1617 1652 1734 1657 2007 2008 2016 1940 2032 2035 1819 1823 1824 1990 2042 1830 1921 2017 1891 1971 2041 1913 1965 1980 1983 1997 2304 2085 2222 2086 2056 2418 2099 2341 2100 2066 2067 2101 2079 2110 2114 2129 2121 2221 2316 2136 2260 2285 2364 2367 2381 2386 
2499 2500 
2499 2500 
2509 2510 
2529 2530 
2541 2542 
2541 2542 
2445 2427 
2426 2428 
2427 2429 
2428 2431 2430 
2429 2431 
2429 2432 2430 
2431 2433 
2432 2434 
2433 2435 
2434 2436 
2435 2437 
2436 2438 
2437 2439 
2438 2440 
2439 
2449 2442 
2449 2443 2408 2441 
2442 2444 
2443 2445 
2444 2426 
2455 2447 
2446 2448 
2447 2449 
2448 2442 2408 2441 
2466 2462 
2458 2452 
2045 2453 2458 2071 2144 2451 2388 
2452 2454 
2453 2455 
2454 2446 
2460 2457 
2456 2458 
2457 2045 2452 2071 2144 2451 2388 
2464 2460 
2459 2456 
2466 2462 
2466 2463 2076 2143 2450 2389 2409 2370 2461 
2462 2464 
2463 2459 
2468 2466 
2465 2462 2076 2143 2450 2389 2409 2370 2461 
2477 2475 
2470 2465 
2472 2470 
2469 2468 
2477 2475 
2476 2469 
2499 2500 
2499 2500 
2477 2476 1902 1909 1907 2046 2038 2140 2411 2467 2371 2345 2355 2390 2471 
2475 2472 
2479 2475 1902 1909 1907 2046 2038 2140 2411 2467 2371 2345 2355 2390 2471 
2499 2500 
2482 2477 
2499 
2499 2500 
2504 2479 
2499 2500 
2499 2500 
978 2486 1002 979 2419 1004 992 998 1030 1035 1038 1042 1062 1067 1258 1261 1280 1288 1336 1349 1350 1358 1357 1385 1383 1393 1396 1356 1399 1395 1462 1384 1394 1423 1494 1496 1425 1501 1500 1533 1535 1463 1538 1540 1499 1537 1616 1662 1617 1652 1734 1657 2007 2008 2016 1940 2032 2035 1819 1823 1824 1990 2042 1830 1921 2017 1891 1971 2041 1913 1965 1980 1983 1997 2304 2085 2222 2086 2056 2418 2099 2341 2100 2066 2067 2101 2079 2110 2114 2129 2121 2221 2316 2136 2260 2285 2364 2367 2381 2386 
2489 900 767 768 814 818 906 901 903 978 946 979 947 992 967 998 973 2485 
2499 2500 
2499 2500 
2491 2486 973 946 947 967 
2509 2510 
2492 2489 
2491 2494 
2499 2500 
2497 2492 
2499 2500 
2509 2510 
2499 2494 
2509 2510 
2497 727 314 75 100 101 116 120 326 127 128 129 130 132 344 137 138 352 155 157 158 99 316 182 115 187 114 191 117 193 327 126 125 342 222 140 225 351 229 233 154 473 184 188 190 192 194 223 226 489 231 313 474 324 476 527 516 524 526 552 530 528 531 549 561 598 662 640 655 692 664 663 669 686 819 821 871 875 898 899 902 907 975 977 991 1000 2500 1068 1070 1096 1101 1100 1212 1218 1248 1253 1334 1257 1279 1289 1287 1348 1335 1347 1497 1398 1416 1419 1420 1541 1498 1536 1661 1728 1732 1743 1768 1773 1769 1832 1831 1834 1838 1836 1839 1844 1843 1848 2018 1897 1900 1908 1901 1906 2047 1915 2000 2003 1837 2005 2012 2015 2029 2031 1895 2037 2043 2053 2006 2013 2039 2036 2009 2014 2033 2040 2084 2090 2088 2060 2093 2062 2094 2096 2420 2068 2069 2072 2073 2113 2087 2089 2120 2091 2259 2245 2278 2095 2276 2097 2124 2098 2126 2102 2103 2104 2410 2107 2108 2109 2202 2115 2177 2178 2184 2116 2203 2122 2220 2269 2123 2127 2296 2128 2307 2130 2132 2131 2310 2319 2318 2326 2337 2339 2135 2137 2346 2350 2138 2391 2141 2147 2148 2149 2150 2151 2152 2473 2480 2487 2153 2493 2179 2180 2181 2182 2183 2223 2286 2299 2311 2320 2323 2327 2322 2329 2330 2331 2333 2335 2336 2351 2356 2368 2395 2413 2412 2474 2495 2421 2478 2481 2483 2484 2488 
975 2501 2499 977 991 1000 1068 1070 1096 1101 1100 1212 1218 1248 1253 1334 1257 1279 1289 1287 1348 1335 1347 1497 1398 1416 1419 1420 1541 1498 1536 1661 1728 1732 1743 1768 1773 1769 1832 1831 1834 1838 1836 1839 1844 1843 1848 2018 1897 1900 1908 1901 1906 2047 1915 2000 2003 1837 2005 2012 2015 2029 2031 1895 2037 2043 2053 2006 2013 2039 2036 2009 2014 2033 2040 2084 2090 2088 2060 2093 2062 2094 2096 2420 2068 2069 2072 2073 2113 2087 2089 2120 2091 2259 2245 2278 2095 2276 2097 2124 2098 2126 2102 2103 2104 2410 2107 2108 2109 2202 2115 2177 2116 2203 2122 2220 2269 2123 2127 2296 2128 2307 2130 2132 2131 2310 2319 2135 2137 2346 2350 2138 2391 2141 2147 2148 2149 2150 2151 2152 2473 2153 2493 2178 2179 2181 2182 2183 2184 2286 2311 2320 2318 2323 2327 2329 2330 2331 2333 2335 2336 2337 2339 2351 2368 2395 2412 2474 2495 2421 2478 2481 2483 2484 2488 2487 
727 1167 821 871 819 898 899 902 907 1000 974 976 990 999 2500 2502 
2501 2503 
2502 2504 
2503 2302 2328 2482 2507 
2509 2510 
2518 2519 
2504 2508 
2507 2509 
2508 2510 1989 1998 2070 2044 2080 2105 2111 2142 2422 2154 2369 2505 2352 2344 2354 2398 2387 2397 2396 2490 2496 2498 
2509 2511 1989 1998 2070 2044 2080 2105 2111 2142 2422 2154 2369 2505 2352 2344 2354 2398 2387 2397 2396 2490 2496 2498 
2510 2512 
2511 2513 
2512 2514 
2513 2515 
2514 2517 
2518 2519 
2515 2518 
2517 2519 2054 2074 2081 2106 2145 2112 2155 2399 2406 2516 2376 2506 
2518 2520 2054 2074 2081 2106 2145 2112 2155 2399 2406 2516 2376 2506 
2519 2522 
2529 2530 
2520 2523 
2522 2524 
2523 2525 
2524 2528 
2541 2542 
2541 2542 
2525 2529 
2528 2055 2530 2075 2082 2146 2156 2400 2521 2423 
2055 2531 2529 2075 2082 2146 2156 2400 2521 2423 
2530 2532 
2531 2533 
2532 2538 
2556 2558 
2551 2552 
2556 2558 
2551 2552 
2533 2539 
2538 2540 
2539 2541 
2540 2542 2425 2527 2407 2424 2526 
2541 2543 2425 2527 2407 2424 2526 
2542 2544 
2543 2545 
2544 2553 
2559 2547 
2546 2548 
2547 2549 
2548 2550 
2549 2551 
2550 2537 2535 2560 
2537 2535 2560 
2545 2554 
2553 2555 
2554 2556 
2555 2558 2536 2534 2557 
2556 2558 
2556 2559 2536 2534 2557 
2558 2546 
2551 2552 
